63
3133
4570
4707
7789
8565
9626
9631
9659
9664
9672
9749
10012
10497
11913
11917
13839
14060
16614
18349
18564
18568
18620
19399
19489
19612
19617
20405
22356
22390
24058
25191
28209
28412
34125
34782
35527
35679
35838
36029
36032
36068
36090
36094
36104
36146
36161
36204
36208
36270
36340
36352
36377
36414
36416
36506
36510
36522
36672
36678
36703
36725
36954
36962
36966
36995
37032
37049
37076
37093
37808
38475
38979
39263
39311
39394
40454
40729
41336
42293
43512
45729
46195
46238
46267
47288
49196
49809
49899
50277
50341
51939
52617
52723
53316
59532
61336
62348
62741
64782
64907
64908
65637
65660
67088
68100
68336
69834
69952
69968
69970
70040
70858
71322
71480
72654
72971
73124
74273
74431
77371
81893
83246
86134
86902
88547
90498
91576
91980
92081
92230
92339
92440
93451
93751
97167
99321
99771
100307
100893
101032
101090
101320
101382
101542
101844
101880
102212
103466
104019
105598
105829
105982
106926
108725
108885
109380
200138
200513
200754
201461
202172
202995
203504
203596
206005
215619
216729
216870
217214
225971
230072
230135
275119
275380
275519
276235
278138
310979
311094
311100
311670
312069
312070
312367
312859
313337
313857
314489
315452
315547
315708
315709
315849
316312
316769
316770
316901
316909
317598
318300
318440
318779
318870
319033
319399
320387
350572
350747
350847
350852
351077
351155
351238
351326
351521
351566
351569
351599
351616
351617
351710
351825
351991
352076
352187
352510
352801
353000
353191
353203
353386
353650
354562
354647
354706
354869
354948
355380
355384
355433
355805
355818
355883
355946
356050
356069
356171
356276
356598
356708
356809
356858
356950
356981
357065
357066
357105
357130
357133
357173
357191
357208
357262
357264
357269
357301
700564
700565
700570
700613
700694
700699
700733
700752
700850
700863
700914
700946
701153
701255
701347
701546
701709
701803
701853
702147
702162
702163
702164
702170
702325
702430
702508
702513
702592
702700
702902
702904
703109
703329
703559
703699
703800
703904
703970
704005
704054
704171
704467
704469
704561
704693
704886
705025
705200
705356
705432
705671
706116
706129
706343
706465
706731
706863
706874
707179
707209
707357
707364
707604
707605
707706
707805
707817
707854
707855
707886
708193
708492
708815
708817
708820
708848
708955
709335
709337
709386
709417
709942
709954
709955
710507
710824
711083
711403
711669
711772
712534
712537
712771
713094
713095
713671
713676
713975
714286
714308
714309
714310
714395
714427
714530
714562
714612
714710
714712
714719
714756
714801
714980
715072
715081
715096
715148
715366
715579
715762
715991
716407
716457
716459
716605
716615
717059
717217
717306
717411
717425
717538
717806
717809
717837
718077
718413
718446
718500
718607
718903
718907
718984
719143
719146
719220
719227
719245
719264
719402
719488
719495
719550
719623
719731
719739
720002
720026
720409
720643
720822
720912
721161
721238
721670
721994
722256
723041
723043
723188
723323
723458
723594
723646
723878
723916
723926
724098
724198
724769
725537
725779
725806
726294
726517
726601
726738
726854
726990
727102
727139
728305
729153
729502
729661
729986
730003
730025
730030
730037
730708
730726
731122
731244
731653
731804
731805
731940
732417
732640
732719
733276
733767
734370
734374
735553
735961
736473
736748
736772
736966
737004
737210
737213
737269
737287
737468
737563
737875
739421
740114
740155
740663
740728
740806
740830
740875
740876
740878
740942
740971
741016
741316
741341
741356
741390
741516
741561
741562
741628
742054
742070
742161
742170
742246
742275
742279
742356
742679
743136
743367
743397
744126
744471
744485
744778
745083
745087
745140
745276
745309
745344
745456
745614
745981
746253
746481
746969
747205
747345
747683
748529
749751
750247
750556
750558
750574
750577
750686
751444
751926
752195
752324
752390
753682
753745
753766
753954
754440
754597
754610
754673
755226
755498
755933
756862
756899
757012
757262
757546
757762
757765
757790
759458
759718
759944
760077
760079
760327
760498
760681
760731
760992
760993
761111
761332
761651
762128
763293
763296
763538
763563
763819
763822
763827
763850
763863
763901
763907
763956
763982
764038
764156
764205
764241
764402
764581
764632
764811
764862
765207
767405
768157
768177
768532
768603
768868
768905
769105
769207
769751
770460
770975
771614
771667
771793
771859
771944
771970
772473
773319
773468
773845
774203
774488
774569
775215
775345
775473
775662
775663
776618
776815
776848
776901
777876
778948
778972
778973
779125
779227
779633
779784
783604
783739
784010
784932
784974
785024
785813
786298
787075
787465
787648
787849
788134
788783
789561
789575
789594
789670
790168
790183
790359
790362
790555
790988
791447
791910
792360
792369
792966
793049
793075
793169
793548
793807
793992
794103
794272
794620
796317
796322
796534
797096
797507
797541
797574
797838
797871
798506
798941
798953
799026
799166
800030
800042
801122
801337
801443
801960
802223
802681
802763
803016
803112
803164
803644
803742
804124
804128
804135
804238
804561
804563
805080
805304
805676
806240
806279
806853
807522
807524
808246
808364
809352
809754
810106
810536
810578
810589
810689
810752
810830
810958
810962
810995
810997
811097
811098
811211
811434
811553
811589
811671
811672
811799
811808
811830
811831
812146
812348
812699
813461
813613
813640
813749
813764
813808
813964
814134
814178
814184
814237
814479
814575
814678
814729
815032
816237
816248
816332
817899
818087
818096
818239
818633
818677
818761
818789
818969
818999
819692
819845
820067
820068
820080
820222
820240
820379
820414
820786
820900
820907
821127
822083
822371
822662
822697
823246
823393
823550
823557
823870
824410
824719
824906
825042
825314
825350
825392
825393
825534
825953
826154
826328
826329
826447
826491
826501
826502
826764
826810
827085
828530
828535
828749
828808
828944
828976
829282
829732
829750
829753
829803
830055
830143
830157
830250
830257
830480
830750
830927
831001
831231
831486
831959
831979
832090
832342
832421
832769
832818
832847
833029
834105
834285
835012
835324
835345
835411
835594
835599
836043
836147
836616
836819
836864
837602
837858
837874
837994
839085
839217
839538
839688
839845
839928
840007
840016
840068
840100
840115
840184
840256
840264
840387
840458
840663
840784
840886
840889
841074
841545
841909
842180
842517
842518
842640
842705
842717
842898
843495
843519
843866
844150
844162
844419
844884
845030
845523
845926
846044
846382
846465
846472
846492
846609
846616
846617
846753
846768
846801
846809
846814
846869
846901
846903
846917
846931
846979
847260
847325
847538
847926
849212
849627
849803
849865
849951
850210
850364
850496
850606
850626
851105
851207
851635
851785
852573
852616
852618
852642
852677
852743
852803
853020
853085
853461
853467
854071
854098
854395
854399
854560
854631
854662
854664
855354
855386
855574
855582
855645
855874
855876
855890
855932
856063
856223
856751
857450
857499
857559
857568
857593
857667
857853
857855
857907
858451
858800
858881
859070
859083
859222
859632
859994
860413
860519
860554
860600
860676
861096
861461
861499
861617
861625
861842
861955
861995
861997
862077
862477
862695
862831
863370
863517
864901
864927
865291
865430
865432
865792
865911
866054
866643
866939
867241
867349
867493
867664
867748
867905
868271
868453
868568
868572
868573
868671
868778
868912
869004
869063
869447
869582
870274
870385
870517
870992
872203
872210
872401
872441
872545
872802
872821
872835
872866
873375
873397
873398
873459
874481
874482
874495
874735
875270
875357
875707
875986
876180
876621
876837
876842
876947
877337
877412
877600
877834
877867
877987
878355
878671
878730
879041
879096
879116
879130
879558
879635
879694
880052
880116
880209
880417
880453
880641
881397
881513
881790
881892
882293
882859
883476
883502
883703
883756
883758
883900
883948
884383
884782
885076
885275
885322
885413
885531
885542
885576
885637
885638
885694
885722
885942
885979
887149
887202
887203
887343
887912
887919
888172
888184
888506
888632
889134
889212
889464
889553
889608
889936
890066
890541
890980
890981
891098
891106
891284
891478
891523
891525
891763
892157
892158
892432
892449
892792
893235
893467
893539
893847
894154
894172
894267
894355
894372
894490
894508
894671
895094
895401
895420
895470
895471
895475
895541
895652
895688
896565
896766
897509
897861
897878
897941
897979
897999
898018
898037
898171
898447
898624
898757
899163
899167
899175
899654
899678
900117
900342
900625
900741
901375
901541
901829
901842
902435
902789
902979
903419
904101
906195
906346
906357
906391
906420
906465
906522
906608
906787
906934
907471
907584
908143
908314
908475
908486
908489
908837
908962
909953
910073
910322
910492
910522
910678
910679
911033
911502
911672
912048
912148
912219
912243
912244
912261
912382
912428
912465
912566
912567
912610
912611
912623
912738
912764
912836
912861
912959
912967
913059
913072
913140
913341
914068
914138
914327
914328
914374
914789
915277
915305
915393
915742
915765
915800
915863
915888
916071
916391
916395
916396
916482
916484
916526
916527
916604
916605
916709
916712
916715
916790
916822
916837
916907
917157
917331
918023
919072
919087
919095
919162
919553
919568
919624
919644
919740
919805
919864
919865
919871
919888
919967
920107
920112
920234
920427
920526
920600
920603
920604
920612
920615
920616
920769
920865
920945
920986
921051
921085
921151
921152
921183
921214
921359
921363
921435
921547
921557
921581
921590
921692
921746
921847
922036
922244
922286
922288
922487
923139
923285
923336
923529
924285
924370
924960
925173
925312
925464
925656
925722
925780
925944
925963
926039
926164
926171
926865
926867
926966
927313
927478
927628
927717
927718
927719
927807
927971
928033
928358
928484
928592
928911
929549
929589
929646
929931
929989
930182
930199
930203
930277
930373
930405
930429
930540
930541
930594
930807
930836
931061
931066
931074
931098
931332
932697
932773
932780
932781
933141
933158
933404
933461
933508
933590
933981
934151
934203
934302
934538
934541
934547
934598
934737
934738
934739
934793
934858
934860
934866
934884
935037
935063
935930
936301
936528
936948
937688
939187
939683
939928
939929
940006
940511
940711
940941
941547
941622
941810
942129
942135
942789
942790
942895
942898
942899
943033
943064
943119
943355
943891
944169
944301
944304
944399
944468
944541
944628
944725
944745
944792
944991
945215
945434
945532
945734
946090
946347
946453
946482
946646
946647
946672
946673
946738
946924
947038
947122
947220
947223
947263
947440
947460
947559
947807
948019
948020
948368
948463
948515
948639
948976
949058
949059
949159
949228
949504
949953
1000050
1000187
1000232
1000234
1000235
1000275
1000301
1000449
1001171
1001287
1001290
1001427
1001571
1001582
1001627
1001638
1001791
1001802
1002213
1002214
1002516
1002682
1002907
1003084
1003233
1003292
1003468
1003936
1003961
1003986
1003987
1004521
1004524
1004528
1004643
1004702
1004740
1004788
1004961
1004969
1005016
1005017
1005018
1005119
1005126
1005187
1005188
1005313
1005409
1005501
1005507
1005508
1005512
1005817
1006177
1006265
1006424
1006820
1006830
1006962
1007002
1007029
1007273
1008554
1008579
1008598
1008803
1008932
1009162
1009194
1009195
1009242
1009325
1009569
1009670
1009873
1009908
1009976
1010002
1010398
1010470
1010476
1010550
1010837
1010838
1010839
1010856
1010961
1011024
1011032
1011033
1011142
1011145
1011166
1011221
1011235
1011296
1011309
1011588
1011659
1011698
1011902
1011941
1012616
1012742
1012743
1012744
1012745
1012746
1012775
1012934
1012935
1012936
1012937
1012938
1012939
1012940
1012941
1012942
1012943
1012944
1012945
1012946
1012947
1012948
1012949
1012950
1012951
1013027
1013044
1013047
1013049
1013130
1013229
1013239
1013272
1013274
1013297
1013554
1013796
1014133
1014273
1014816
1014964
1015328
1015593
1015610
1015666
1015733
1015738
1015743
1015745
1015751
1015752
1015757
1015759
1015761
1015764
1015765
1015770
1015780
1015856
1016178
1016325
1016467
1016931
1016933
1017232
1017299
1017308
1017309
1017793
1017952
1018380
1018399
1019055
1019508
1019650
1019883
1020347
1020597
1020598
1020828
1021006
1021011
1021136
1021206
1021479
1021575
1021921
1021972
1022103
1022243
1022398
1022575
1022759
1022807
1022809
1022837
1023283
1023304
1023354
1023398
1023640
1023860
1023879
1023880
1023881
1023882
1023883
1023884
1023885
1023887
1023888
1023889
1023890
1023891
1023893
1023894
1023895
1023896
1023897
1023898
1023901
1023904
1023906
1024015
1024132
1024135
1024321
1024328
1024344
1024507
1024508
1024509
1024510
1024511
1024512
1024513
1024514
1024515
1024516
1024517
1024522
1024523
1024525
1024526
1024528
1024531
1024534
1024542
1024724
1024743
1024918
1025536
1025728
1025776
1025835
1025877
1025958
1025959
1025960
1025991
1026109
1026180
1026181
1026201
1026219
1026220
1026231
1026304
1026460
1026561
1026562
1026563
1026564
1026565
1026566
1026567
1026570
1026572
1026576
1026577
1026578
1026755
1026757
1027183
1027258
1027280
1027324
1027552
1027623
1027820
1027831
1027832
1027833
1027834
1027835
1028336
1028734
1028916
1028918
1028954
1029093
1029407
1029497
1029587
1029630
1029654
1029732
1029734
1029740
1029969
1030469
1030473
1030474
1030488
1030489
1030816
1030817
1030859
1031025
1031026
1031027
1031233
1031239
1031295
1031340
1031517
1031724
1031728
1031910
1032020
1032420
1032468
1033012
1033102
1034233
1034293
1034339
1034414
1034594
1034650
1034718
1034920
1034981
1034990
1034991
1035092
1035107
1035218
1035237
1035239
1035240
1035292
1035351
1035371
1035372
1035373
1035425
1035448
1035468
1035513
1035713
1035733
1035770
1035826
1035903
1035908
1035976
1035991
1036030
1036070
1036124
1036256
1036658
1036757
1036948
1036999
1037190
1037249
1037265
1037652
1037959
1037969
1037992
1038177
1038205
1038359
1038423
1038459
1038467
1038583
1038584
1038636
1038689
1038706
1038707
1038727
1038773
1039188
1039311
1039392
1039454
1039496
1039571
1039765
1040048
1040375
1040476
1040491
1040526
1040589
1040649
1040669
1040790
1040799
1040906
1041122
1041286
1041312
1041318
1041368
1041392
1041415
1041429
1041550
1041753
1041839
1042064
1042521
1042534
1042726
1042729
1042801
1042806
1042905
1043056
1043368
1043446
1043451
1043452
1043454
1043993
1044043
1044045
1044047
1044049
1044051
1044052
1044053
1044055
1044056
1044082
1044588
1044610
1044651
1044670
1044676
1044728
1044729
1044730
1044770
1044775
1044776
1044787
1044857
1044859
1044860
1044861
1044880
1045039
1045041
1045043
1045044
1045045
1045047
1045051
1045054
1045056
1045058
1045063
1045064
1045066
1045067
1045069
1045070
1045071
1045072
1045074
1045077
1045079
1045081
1045083
1045085
1045086
1045088
1045089
1045092
1045094
1045195
1045520
1045689
1045690
1045934
1045944
1045950
1046001
1046002
1046025
1046050
1046132
1046183
1046188
1046203
1046209
1046354
1046406
1046520
1046587
1046685
1047125
1047136
1047170
1047446
1047537
1047761
1047947
1048019
1048435
1048486
1048575
1048737
1048767
1048909
1049331
1049348
1049489
1049535
1049782
1049890
1049895
1050078
1050258
1050373
1050441
1050703
1050725
1050728
1050730
1050743
1050793
1050884
1050893
1050894
1050996
1051000
1051001
1051092
1051123
1051178
1051270
1051343
1051345
1051378
1051379
1051473
1051741
1051850
1051857
1051859
1051871
1052101
1052119
1052634
1052801
1052913
1053307
1053352
1053584
1054481
1054508
1054538
1054929
1054974
1055167
1055502
1055870
1056238
1056583
1056586
1056587
1056588
1056589
1056669
1056672
1056811
1056861
1056869
1056943
1057007
1057017
1057159
1057437
1057570
1057671
1057672
1057706
1057802
1057816
1057818
1057821
1057822
1057823
1057825
1057829
1057832
1057835
1057838
1057839
1057878
1057971
1058259
1058438
1058539
1058612
1058613
1058614
1058657
1058690
1058802
1058867
1058973
1058979
1058991
1058995
1059078
1059089
1059131
1059169
1059189
1059255
1059420
1059569
1059835
1060198
1060219
1060244
1060264
1060265
1060294
1060295
1060296
1060298
1060303
1060330
1060363
1060455
1060504
1060523
1060558
1060770
1060939
1061068
1061234
1061294
1061580
1061586
1061692
1062110
1062232
1062238
1062421
1062438
1062528
1062616
1062617
1063075
1063227
1063257
1063438
1063538
1063568
1063588
1063727
1063728
1063729
1063730
1063731
1063836
1063838
1063839
1063918
1063939
1063942
1063965
1063997
1064025
1064160
1064236
1064420
1064483
1065002
1065171
1065215
1065247
1065298
1065304
1065420
1065482
1065713
1065715
1065718
1065823
1065827
1065959
1066170
1066254
1066626
1066808
1066951
1067077
1067092
1067206
1067315
1067489
1067599
1068179
1068300
1068366
1068370
1068700
1068725
1068735
1068736
1068737
1068738
1068739
1068740
1068741
1068742
1068743
1068744
1068745
1068746
1068747
1068748
1068749
1068750
1068751
1068752
1068753
1068754
1068755
1068756
1068757
1068784
1068851
1068901
1068910
1068912
1069157
1069199
1069545
1069669
1069855
1069880
1070154
1070190
1070243
1070259
1070295
1070296
1070321
1070517
1070523
1070524
1070543
1070680
1070730
1071000
1071010
1071066
1071114
1071183
1071212
1071236
1071264
1071346
1071371
1071992
1072679
1072685
1072688
1072695
1072799
1072847
1072886
1072990
1073182
1073183
1073184
1073461
1073475
1073932
1073957
1074011
1074077
1074078
1074158
1074369
1074433
1074458
1074514
1074515
1074516
1074517
1074518
1074519
1074521
1074523
1074524
1074525
1074527
1074543
1074560
1074774
1074781
1074783
1074784
1074785
1074902
1074972
1075046
1075083
1075118
1075152
1075154
1075155
1075168
1075169
1075170
1075348
1075602
1075705
1075706
1075945
1075954
1076298
1076394
1076657
1076691
1077428
1077535
1077762
1077771
1078100
1078101
1078102
1078194
1078227
1078228
1078229
1078230
1078231
1078232
1078233
1078676
1078860
1079181
1079385
1080431
1080789
1080884
1080885
1081049
1081212
1081338
1081365
1081563
1081564
1081565
1081566
1081781
1081860
1081996
1082063
1082223
1082224
1082225
1082226
1082227
1082228
1082229
1082368
1082471
1082484
1082564
1082735
1082819
1083286
1083331
1083632
1083643
1083689
1084417
1084445
1084707
1084708
1084709
1084717
1084727
1084887
1084915
1085175
1085401
1085572
1085573
1085706
1085913
1085916
1086173
1086363
1086370
1086481
1086532
1086782
1087146
1087455
1087456
1087702
1087711
1087790
1087843
1088144
1088293
1088295
1088381
1088504
1088514
1088800
1088801
1088804
1089109
1089113
1089503
1089624
1089720
1089787
1089829
1089830
1089857
1089877
1090009
1091491
1092063
1092099
1092787
1092788
1093023
1093025
1093032
1093033
1093035
1093036
1093037
1093038
1093039
1093414
1093491
1093672
1093728
1093897
1094059
1094061
1094362
1094459
1094484
1094635
1094738
1094742
1094784
1094810
1094893
1095003
1095004
1095274
1095559
1095628
1095861
1095862
1096061
1096654
1097081
1097254
1097631
1097882
1098146
1098151
1098336
1098337
1098683
1098813
1099067
1099305
1099517
1099569
1099668
1099777
1099932
1099958
1099980
1100440
1100542
1100553
1100983
1101146
1101845
1101860
1102112
1102266
1102287
1102595
1103365
1103764
1103838
1104632
1104634
1104681
1104901
1105276
1105356
1105880
1105936
1105975
1106141
1106142
1106181
1106980
1107160
1107257
1107374
1107419
1107447
1107710
1108134
1108144
1108236
1108322
1108323
1108324
1108824
1108933
1109242
1109401
1109525
1109546
1109610
1109848
1110511
1110544
1111196
1111230
1111740
1112477
1113026
1113037
1113107
1113336
1113671
1114152
1114446
1114700
1114868
1114927
1115055
1115191
1115427
1115568
1115702
1116623
1117421
1118004
1118237
1120427
1120828
1121577
1122521
1123211
1123270
1123276
1123304
1123306
1123735
1123841
1124146
1124184
1124676
1125813
1126227
1126582
1126679
1126961
1127160
1127371
1127442
1128011
1128012
1128013
1128014
1128015
1128017
1128018
1128019
1128020
1128021
1128023
1128227
1128361
1128673
1129492
1129847
1129920
1130144
1130905
1131678
1132242
1132338
1132515
1132597
1132651
1133409
1133650
1133651
1133862
1134149
1134562
1134636
1135253
1135374
1135396
1135513
1135554
1136303
1136645
1136796
1137046
1137205
1137207
1137208
1137209
1137210
1137211
1137212
1137213
1137214
1137216
1137217
1137218
1137219
1137220
1137221
1137547
1137679
1138459
1138677
1138817
1139812
1140249
1140465
1140472
1141045
1141106
1141110
1141575
1141688
1141807
1142218
1142603
1142605
1143155
1143158
1143330
1143566
1143680
1143848
1143881
1143921
1143930
1144514
1144515
1144560
1144686
1144816
1144967
1145417
1145547
1156366
1156919
1156921
1156953
1157282
1157292
1157294
1157302
1157515
1157647
1157648
1157843
1158197
1158198
1158199
1158200
1158678
1158865
1159404
1159427
1159508
1159991
1160106
1160124
1160206
1160330
1160436
1160861
1161123
1161125
1161450
1161639
1162245
1162292
1162294
1162313
1162607
1162638
1162689
1163199
1163308
1163335
1163345
1163370
1163389
1163428
1163542
1163668
1163747
1163889
1163953
1163954
1163955
1164290
1164554
1166362
1166760
1166794
1166795
1166928
1167831
1167997
1167998
1168010
1168230
1168643
1169238
1169352
1169424
1169483
1169769
1169770
1170605
1170833
1170902
1171017
1171825
1172037
1172095
1172097
1172102
1172229
1172353
1172678
1172857
1173376
1173991
1174249
1174258
1174771
1174786
1174820
1174850
1174872
1175029
1175158
1176266
1176316
1177070
1178409
1178933
1178970
1179500
1180050
1180081
1180933
1181001
1182555
1184818
1187560
1187562
1187564
1187565
1187566
1188125
1188128
1188133
1188135
1188139
1189356
1189396
1192931
1194324
1199025
1199996
1200006
1200023
1200050
1200051
1200052
1200053
1200054
1200323
1207070
1210227
1210309
1210313
1212545
1212565
1213219
1213432
1213662
1215944
1216128
1216997
1217022
1217730
1220483
1221354
1221687
1222336
1222915
1224499
1224521
1224522
1224524
1224549
1225078
1225874
1227500
1228454
1229146
1230299
1230833
1232549
1234383
1235091
1236964
1240581
1240770
1241199
1241720
1243496
1243800
1245005
1245007
1245008
1245016
1245018
1245019
1248124
1248953
1251664
1251666
1251667
1253317
1255453
1256712
1257580
1258548
1258831
1259339
1260249
1260968
1262276
1263043
1263762
1263766
1264054
1264136
1264202
1264755
1264756
1265131
1266099
1266525
1267969
1267970
1268096
1270985
1272754
1272771
1273555
1273805
1274081
1274776
1275101
1275140
1275168
1275867
1275873
1276130
1276671
1276939
1277138
1277254
1277902
1278942
1279410
1279756
1281761
1282582
1282847
1282852
1283582
1283858
1283899
1284077
1284506
1285224
1286691
1287923
1287924
1287925
1288784
1288855
1289701
1290476
1290505
1292129
1292580
1292898
1293211
1293283
1293314
1293413
1294171
1294206
1295195
1295334
1295401
1295664
1295879
1297107
1297341
1298440
1298716
1298974
1298976
1299709
1300335
1301064
1301065
1301093
1302176
1302244
1302251
1302324
1302369
1302387
1302502
1302709
1302901
1303026
1303476
1303531
1303942
1304366
1304740
1304994
1305399
1306352
1308017
1308667
1309127
1310273
1310313
1311131
1311828
1312109
1313552
1313730
1313868
1315399
1316410
1317019
1317815
1318849
1319087
1319327
1319572
1320002
1320661
1321070
1323033
1323204
1323648
1324410
1324436
1324438
1324439
1324440
1325524
1325543
1325546
1325547
1325548
1325670
1326807
1327607
1329385
1329517
1329799
1329998
1330039
1330365
1331520
1331825
1332199
1332578
1332626
1334504
1334679
1334872
1335730
1335792
1336706
1337068
1338248
1338977
1340305
1341317
1341318
1343034
1344802
1344970
1345622
1347426
1347466
1349593
1350072
1350489
1353268
1353523
1354174
1354772
1354835
1355607
1355786
1355823
1355855
1356261
1356628
1357231
1357528
1358254
1358356
1358462
1358697
1359111
1359869
1359870
1360534
1360581
1360683
1362599
1362681
1362719
1362767
1362984
1363449
1363569
1363673
1364856
1365330
1365794
1365997
1366367
1366728
1366729
1366731
1366925
1366986
1367859
1368252
1368853
1368883
1370291
1370914
1372791
1373079
1373525
1374384
1374537
1374756
1374783
1375017
1375320
1375336
1376627
1378020
1378600
1378946
1380610
1380712
1380846
1381639
1381668
1382230
1382413
1382905
1385090
1387632
1388337
1388346
1388375
1388730
1389772
1389797
1390162
1390312
1390777
1390834
1391137
1391753
1391933
1392272
1392445
1392562
1392922
1393534
1393551
1393718
1396712
1397533
1397771
1398006
1398141
1398143
1398831
1399315
1399584
1400848
1401434
1401564
1401573
1401581
1401700
1403008
1403475
1404296
1404306
1405049
1405093
1405094
1405096
1405962
1406081
1406251
1407067
1408534
1409775
1409945
1410087
1410303
1410703
1411303
1411974
1412109
1412665
1412707
1412844
1413440
1413837
1414374
1415022
1415277
1417335
1417421
1418489
1419536
1420488
1420525
1420821
1421619
1423057
1423869
1425965
1428802
1429469
1429527
1430723
1431567
1432405
1433540
1433913
1434228
1434569
1434743
1435099
1435161
1435508
1436425
1437213
1437425
1437479
1437693
1437958
1439672
1440625
1442741
1443217
1443575
1443589
1444277
1444397
1444756
1445059
1445930
1447051
1448301
1448324
1449794
1450849
1451432
1451933
1452899
1458412
1461640
1461755
1462120
1462694
1465969
1466026
1466292
1468759
1469134
1469985
1470205
1470795
1471055
1471088
1471092
1471265
1471266
1472093
1473844
1475348
1475365
1475841
1475848
1476034
1476264
1476651
1477968
1478454
1478726
1479750
1480362
1483195
1484949
1485001
1485176
1485527
1485964
1485981
1486058
1487052
1487623
1488591
1488813
1490321
1490906
1490991
1492324
1492654
1492915
1493006
1493182
1493225
1493491
1493552
1494186
1496631
1497275
1498415
1499422
1499453
1500213
1500375
1500711
1500836
1500837
1501078
1501331
1501350
1501364
1501570
1502749
1503063
1504008
1504764
1505732
1505823
1507240
1507277
1509302
1511071
1511198
1513971
1514131
1514743
1515069
1515794
1516912
1517399
1518715
1520300
1521951
1522327
1522420
1523854
1526952
1527383
1528610
1528843
1530249
1531031
1531193
1534317
1538263
1539638
1541119
1542299
1543367
1543643
1545078
1547635
1549276
1550603
1551286
1551739
1551975
1553326
1553830
1556727
1562463
1564618
1569994
1570306
1571398
1572334
1576336
1577603
1578505
1578776
1584412
1584770
1585023
1586454
1587987
1590799
1592329
1592407
1594012
1594555
1599891
1600065
1600125
1600890
1601347
1601545
1602658
1605054
1605301
1606363
1606440
1606931
1607582
1608293
1609065
1609132
1609951
1610520
1613665
1614184
1615368
1615418
1615903
1616297
1617242
1617291
1618798
1619514
1622143
1624322
1629019
1630856
1631129
1635261
1635484
1635626
1635840
1636286
1639980
1641601
1642081
1644482
1644493
1649373
1649739
1649749
1651987
1652106
1653242
1654551
1657642
1665650
1667161
1667840
1667939
1667944
1668224
1668340
1668802
1675192
1675644
1676479
1676667
1680379
1682472
1682593
1689731
1690639
1690726
1691337
1691507
1693577
1693941
1697463
1698022
1698287
1699018
1700175
1702750
1703489
1708715
1709017
1709442
1710482
1716188
1716697
1717186
1718116
1718873
1722010
1723596
1725166
1725262
1725872
1730984
1731026
1734342
1734875
1736590
1736801
1742089
1746109
1746129
1747068
1750735
1751692
1751700
1751783
1752036
1754226
1756701
1766526
1767837
1769267
1769617
1769663
1769725
1778784
1781730
1787005
1787384
1787414
1791145
1792597
1795815
1803408
1810546
1823365
1823406
1823608
1828376
1828588
1829576
1835385
1845799
1846017
1847360
1847398
1849466
1849670
1849867
1850398
1856365
1864163
1865429
1874071
1879103
1881592
1901637
1913838
1913971
1914605
1925062
1943802
1951276
1962911
1964333
1967306
1967656
1978811
1979330
1979332
1981546
2011143
2012726
2013639
2013792
2016561
2024899
2033615
2036060
2047235
2052162
2058758
2058897
2059653
2065601
2072421
2073153
2081206
2082866
2084261
2087419
2094107
2100848
2103884
2114521
2115119
